0 -49.9013
1e-08 -50
2e-08 -49.9013
3e-08 -49.6018
4e-08 -49.0986
5e-08 -48.3899
6e-08 -47.4746
7e-08 -46.3526
8e-08 -45.0245
9e-08 -43.4919
1e-07 -41.7575
1.1e-07 -39.8246
1.2e-07 -37.6977
1.3e-07 -35.382
1.4e-07 -32.8836
1.5e-07 -30.2097
1.6e-07 -27.3682
1.7e-07 -24.3679
1.8e-07 -21.2183
1.9e-07 -17.9301
2e-07 -14.5142
2.1e-07 -10.9827
2.2e-07 -7.34814
2.3e-07 -3.62376
2.4e-07 0.176612
2.5e-07 4.03858
2.6e-07 7.94727
2.7e-07 11.8874
2.8e-07 15.8433
2.9e-07 19.7989
3e-07 23.7381
3.1e-07 27.6444
3.2e-07 31.5013
3.3e-07 35.2923
3.4e-07 39.0009
3.5e-07 42.6105
3.6e-07 46.105
3.7e-07 49.4683
3.8e-07 52.6848
3.9e-07 55.7391
4e-07 58.6165
4.1e-07 61.3025
4.2e-07 63.7835
4.3e-07 66.0464
4.4e-07 68.0789
4.5e-07 69.8695
4.6e-07 71.4074
4.7e-07 72.683
4.8e-07 73.6873
4.9e-07 74.4125
5e-07 74.852
5.1e-07 75
5.2e-07 74.852
5.3e-07 74.4047
5.4e-07 73.6558
5.5e-07 72.6045
5.6e-07 71.251
5.7e-07 69.597
5.8e-07 67.6451
5.9e-07 65.3996
6e-07 62.8657
6.1e-07 60.0501
6.2e-07 56.9605
6.3e-07 53.6062
6.4e-07 49.9973
6.5e-07 46.1453
6.6e-07 42.0628
6.7e-07 37.7635
6.8e-07 33.2622
6.9e-07 28.5746
7e-07 23.7173
7.1e-07 18.7081
7.2e-07 13.5654
7.3e-07 8.30829
7.4e-07 2.95672
7.5e-07 -2.46882
7.6e-07 -7.94727
7.7e-07 -13.4572
7.8e-07 -18.9766
7.9e-07 -24.4834
8e-07 -29.9553
8.1e-07 -35.3698
8.2e-07 -40.7045
8.3e-07 -45.9368
8.4e-07 -51.0447
8.5e-07 -56.0062
8.6e-07 -60.7996
8.7e-07 -65.4039
8.8e-07 -69.7985
8.9e-07 -73.9633
9e-07 -77.8793
9.1e-07 -81.5279
9.2e-07 -84.8917
9.3e-07 -87.9541
9.4e-07 -90.6996
9.5e-07 -93.1139
9.6e-07 -95.1839
9.7e-07 -96.8976
9.8e-07 -98.2445
9.9e-07 -99.2154
1e-06 -99.8027
1.01e-06 -100
1.02e-06 -99.8027
1.03e-06 -99.2154
1.04e-06 -98.2445
1.05e-06 -96.8976
1.06e-06 -95.1839
1.07e-06 -93.1139
1.08e-06 -90.6996
1.09e-06 -87.9541
1.1e-06 -84.8917
1.11e-06 -81.5279
1.12e-06 -77.8793
1.13e-06 -73.9633
1.14e-06 -69.7985
1.15e-06 -65.4039
1.16e-06 -60.7996
1.17e-06 -56.0062
1.18e-06 -51.0447
1.19e-06 -45.9368
1.2e-06 -40.7045
1.21e-06 -35.3698
1.22e-06 -29.9553
1.23e-06 -24.4834
1.24e-06 -18.9766
1.25e-06 -13.4572
1.26e-06 -7.94727
1.27e-06 -2.46882
1.28e-06 2.95672
1.29e-06 8.30829
1.3e-06 13.5654
1.31e-06 18.7081
1.32e-06 23.7173
1.33e-06 28.5746
1.34e-06 33.2622
1.35e-06 37.7635
1.36e-06 42.0628
1.37e-06 46.1453
1.38e-06 49.9973
1.39e-06 53.6062
1.4e-06 56.9605
1.41e-06 60.0501
1.42e-06 62.8657
1.43e-06 65.3996
1.44e-06 67.6451
1.45e-06 69.597
1.46e-06 71.251
1.47e-06 72.6045
1.48e-06 73.6558
1.49e-06 74.4047
1.5e-06 74.852
1.51e-06 75
1.52e-06 74.852
1.53e-06 74.4125
1.54e-06 73.6873
1.55e-06 72.683
1.56e-06 71.4074
1.57e-06 69.8695
1.58e-06 68.0789
1.59e-06 66.0464
1.6e-06 63.7835
1.61e-06 61.3025
1.62e-06 58.6165
1.63e-06 55.7391
1.64e-06 52.6848
1.65e-06 49.4683
1.66e-06 46.105
1.67e-06 42.6105
1.68e-06 39.0009
1.69e-06 35.2923
1.7e-06 31.5013
1.71e-06 27.6444
1.72e-06 23.7381
1.73e-06 19.7989
1.74e-06 15.8433
1.75e-06 11.8874
1.76e-06 7.94727
1.77e-06 4.03858
1.78e-06 0.176612
1.79e-06 -3.62376
1.8e-06 -7.34814
1.81e-06 -10.9827
1.82e-06 -14.5142
1.83e-06 -17.9301
1.84e-06 -21.2183
1.85e-06 -24.3679
1.86e-06 -27.3682
1.87e-06 -30.2097
1.88e-06 -32.8836
1.89e-06 -35.382
1.9e-06 -37.6977
1.91e-06 -39.8246
1.92e-06 -41.7575
1.93e-06 -43.4919
1.94e-06 -45.0245
1.95e-06 -46.3526
1.96e-06 -47.4746
1.97e-06 -48.3899
1.98e-06 -49.0986
1.99e-06 -49.6018
2e-06 -49.9013
2.01e-06 -50
2.02e-06 -49.9013
2.03e-06 -49.6097
2.04e-06 -49.1301
2.05e-06 -48.4684
2.06e-06 -47.631
2.07e-06 -46.6251
2.08e-06 -45.4582
2.09e-06 -44.1387
2.1e-06 -42.6753
2.11e-06 -41.0771
2.12e-06 -39.3536
2.13e-06 -37.5149
2.14e-06 -35.5711
2.15e-06 -33.5327
2.16e-06 -31.4104
2.17e-06 -29.2148
2.18e-06 -26.957
2.19e-06 -24.6479
2.2e-06 -22.2982
2.21e-06 -19.919
2.22e-06 -17.5208
2.23e-06 -15.1144
2.24e-06 -12.7099
2.25e-06 -10.3176
2.26e-06 -7.94727
2.27e-06 -5.60834
2.28e-06 -3.30994
2.29e-06 -1.06078
2.3e-06 1.1309
2.31e-06 3.25729
2.32e-06 5.31111
2.33e-06 7.28559
2.34e-06 9.1745
2.35e-06 10.9722
2.36e-06 12.6735
2.37e-06 14.2741
2.38e-06 15.7699
2.39e-06 17.1577
2.4e-06 18.4349
2.41e-06 19.5992
2.42e-06 20.6493
2.43e-06 21.5843
2.44e-06 22.4038
2.45e-06 23.1082
2.46e-06 23.6982
2.47e-06 24.1753
2.48e-06 24.5414
2.49e-06 24.7989
2.5e-06 24.9507
2.51e-06 25
2.52e-06 24.9507
2.53e-06 24.8068
2.54e-06 24.5729
2.55e-06 24.2538
2.56e-06 23.8546
2.57e-06 23.3807
2.58e-06 22.8376
2.59e-06 22.2311
2.6e-06 21.5671
2.61e-06 20.8516
2.62e-06 20.0908
2.63e-06 19.2907
2.64e-06 18.4574
2.65e-06 17.5971
2.66e-06 16.7157
2.67e-06 15.8192
2.68e-06 14.9132
2.69e-06 14.0034
2.7e-06 13.0951
2.71e-06 12.1936
2.72e-06 11.3036
2.73e-06 10.4298
2.74e-06 9.5766
2.75e-06 8.74787
2.76e-06 7.94727
2.77e-06 7.1781
2.78e-06 6.44327
2.79e-06 5.74531
2.8e-06 5.08635
2.81e-06 4.46814
2.82e-06 3.892
2.83e-06 3.35889
2.84e-06 2.86934
2.85e-06 2.42349
2.86e-06 2.02109
2.87e-06 1.66151
2.88e-06 1.34376
2.89e-06 1.06647
2.9e-06 0.827959
2.91e-06 0.626205
2.92e-06 0.458886
2.93e-06 0.323401
2.94e-06 0.216889
2.95e-06 0.136257
2.96e-06 0.0782009
2.97e-06 0.03924
2.98e-06 0.0157395
2.99e-06 0.00394265
3e-06 0
3.01e-06 0
3.02e-06 0
3.03e-06 0
3.04e-06 0
3.05e-06 0
3.06e-06 0
3.07e-06 0
3.08e-06 0
3.09e-06 0
3.1e-06 0
3.11e-06 0
3.12e-06 0
3.13e-06 0
3.14e-06 0
3.15e-06 0
3.16e-06 0
3.17e-06 0
3.18e-06 0
3.19e-06 0
3.2e-06 0
3.21e-06 0
3.22e-06 0
3.23e-06 0
3.24e-06 0
3.25e-06 0
3.26e-06 0
3.27e-06 0
3.28e-06 0
3.29e-06 0
3.3e-06 0
3.31e-06 0
3.32e-06 0
3.33e-06 0
3.34e-06 0
3.35e-06 0
3.36e-06 0
3.37e-06 0
3.38e-06 0
3.39e-06 0
3.4e-06 0
3.41e-06 0
3.42e-06 0
3.43e-06 0
3.44e-06 0
3.45e-06 0
3.46e-06 0
3.47e-06 0
3.48e-06 0
3.49e-06 0
3.5e-06 0
3.51e-06 0
3.52e-06 0
3.53e-06 0
3.54e-06 0
3.55e-06 0
3.56e-06 0
3.57e-06 0
3.58e-06 0
3.59e-06 0
3.6e-06 0
3.61e-06 0
3.62e-06 0
3.63e-06 0
3.64e-06 0
3.65e-06 0
3.66e-06 0
3.67e-06 0
3.68e-06 0
3.69e-06 0
3.7e-06 0
3.71e-06 0
3.72e-06 0
3.73e-06 0
3.74e-06 0
3.75e-06 0
3.76e-06 0
3.77e-06 0
3.78e-06 0
3.79e-06 0
3.8e-06 0
3.81e-06 0
3.82e-06 0
3.83e-06 0
3.84e-06 0
3.85e-06 0
3.86e-06 0
3.87e-06 0
3.88e-06 0
3.89e-06 0
3.9e-06 0
3.91e-06 0
3.92e-06 0
3.93e-06 0
3.94e-06 0
3.95e-06 0
3.96e-06 0
3.97e-06 0
3.98e-06 0
3.99e-06 0
